function [z_c gamma_c z_e gamma_e] = gamma_zeta_table
    gamma_e_table = [0 0.0001 0.0005 [0.001:0.001:0.020] [0.025:0.005:0.1] ...
        [0.11:0.01:0.41] [0.42:0.02:1.00] [1.05:0.05:1.55] [1.60:0.1:3.90] ...
        [4.0:0.2:4.8] [5.0:0.5:9.5] [10:1:16] 18 20 1000];

    z_e_table = [0 0.0200 0.0445 0.0629 0.0887 0.1084 0.1250 0.1395 0.1527 0.1647 ...
        0.1759 0.1863 0.1962 0.2056 0.2145 0.2231 0.2313 0.2393 0.2470 0.2544 ...
        0.2616 0.2685 0.2753 0.3067 0.3350 0.3608 0.3848 0.4071 0.4281 0.4480 ...
        0.4670 0.4850 0.5024 0.5190 0.5350 0.5505 0.5655 0.5800 0.5941 0.621 ...
        0.646 0.672 0.695 0.717 0.738 0.759 0.779 0.798 0.817 0.835 ...
        0.853 0.870 0.887 0.903 0.919 0.934 0.949 0.964 0.979 0.993 ...
        1.007 1.020 1.033 1.046 1.059 1.072 1.084 1.096 1.108 1.120 ...
        1.132 1.154 1.176 1.197 1.217 1.237 1.256 1.275 1.294 1.312 ...
        1.330 1.347 1.363 1.380 1.396 1.412 1.427 1.442 1.456 1.470 ...
        1.484 1.498 1.512 1.525 1.538 1.551 1.563 1.575 1.588 1.600 ...
        1.628 1.656 1.682 1.708 1.732 1.756 1.779 1.801 1.822 1.842 ...
        1.862 1.881 1.917 1.952 1.983 2.013 0.042 2.068 2.093 2.117 ...
        2.139 2.160 2.180 2.199 2.217 2.234 2.249 2.265 2.279 2.293 ...
        2.306 2.318 2.330 2.341 2.352 2.362 2.380 2.396 2.411 2.425 ...
        2.438 2.463 2.483 2.499 2.511 2.521 2.528 2.534 2.538 2.542 ...
        2.544 2.548 2.550 2.552 2.553 2.553 2.553 2.554 2.554 2.554];


    gamma_c_table = [0 0.00062 0.00245 0.00964 0.02132 0.03728 0.05730 0.0813 0.1089 0.1399 ...
        0.1748 0.2127 0.2330 0.2538 0.2757 0.2981 0.3213 0.3452 0.3700 0.3953 ...
        0.4214 0.4481 0.4754 0.5036 0.5323 0.5617 0.5917 0.6223 0.6536 0.6854 ...
        0.7179 0.7510 0.7847 0.8190 0.8538 0.8891 0.9248 0.9612 0.9984 1.036 ...
        1.074 1.112 1.152 1.191 1.232 1.272 1.313 1.354 1.397 1.439 ...
        1.482 1.526 1.544 1.561 1.614 1.704 1.796 1.890 1.986 2.083 ...
        2.182 2.282 2.384 2.488 2.592 2.700 2.807 2.917 3.028 3.141 ...
        3.255 3.370 3.486 3.604 3.723 3.844 3.966 4.092 4.217 4.342 ...
        4.467 4.595 4.725 4.856 4.987 5.119 5.253 5.389 5.526 5.663 ...
        5.810 5.942 6.082 6.224 6.367 6.511 6.654 6.800 6.948 7.097 ...
        7.245 7.395 7.546 7.698 7.852 8.006 8.150 8.315 8.471 8.629 ...
        8.787 8.948 9.109 9.271 9.434 9.596 9.760 9.924 10.09 10.25 ...
        10.43 10.59 10.76 10.93 12.67 14.49 16.38 18.32 20.35 22.43 ...
        24.60 26.76 29.02 31.33 43.56 56.86 71.05 86.09 102.0 118.6 ...
        135.6 153.3 171.6 190.4 209.8 229.8 250.2 270.9 291.9 313.5 ...
        357.9 403.8 450.8 499.7 549.8 600.6 652.5 706.1 760.4 816.0];

    z_c_table = [0 0.05 [0.1:0.1:0.9] [1.00:0.05:3.00] 3.02 3.04 ...
        [3.10:0.1:10.0] [11:1:20] [25:5:100] [110:10:200]];

    
    z_c = z_c_table;
    gamma_c = gamma_c_table;
    z_e = z_e_table;
    gamma_e = gamma_e_table;

end